recommend:2024-09-19 19:11:25
[3, 4, 8, 12, 19, 33]--[13, 6]
[1, 2, 7, 17, 25, 33]--[15, 6]
[1, 2, 3, 14, 19, 22]--[3, 12]
[4, 5, 12, 15, 22, 26]--[14, 10]
[2, 7, 8, 15, 19, 20]--[10, 14]
[5, 14, 15, 19, 25, 33]--[14, 15]
[5, 19, 20, 23, 25, 30]--[6, 16]
[3, 6, 8, 16, 17, 27]--[1, 14]
[2, 13, 14, 18, 30, 32]--[11, 2]
[2, 3, 8, 12, 22, 25]--[7, 1]
[1, 10, 15, 19, 27, 28]--[5, 6]
[7, 8, 19, 25, 27, 33]--[7, 5]
[3, 14, 17, 20, 29, 30]--[11, 10]
[8, 10, 13, 16, 27, 29]--[1, 11]
[1, 3, 5, 20, 22, 24]--[2, 7]
[1, 4, 11, 12, 19, 32]--[14, 3]
[1, 2, 5, 20, 26, 27]--[13, 6]
[1, 3, 14, 23, 29, 31]--[12, 14]
[11, 13, 15, 20, 25, 28]--[11, 12]
[3, 9, 12, 13, 18, 19]--[14, 12]
[1, 3, 6, 16, 26, 28]--[10, 14]
[3, 16, 17, 19, 30, 33]--[1, 10]
[1, 8, 12, 14, 17, 26]--[6, 14]
[3, 7, 10, 16, 20, 24]--[10, 13]
[8, 18, 19, 20, 27, 28]--[7, 14]
[1, 2, 6, 7, 10, 18]--[5, 13]
[2, 4, 12, 13, 17, 20]--[10, 13]
[3, 4, 6, 8, 14, 28]--[3, 14]
[1, 5, 13, 17, 18, 26]--[7, 1]
[10, 14, 16, 19, 29, 32]--[2, 7]
[2, 4, 5, 17, 23, 28]--[16, 3]
[1, 13, 17, 23, 24, 32]--[16, 14]
[5, 7, 14, 23, 27, 30]--[7, 16]
[1, 7, 10, 12, 23, 32]--[14, 6]
[2, 6, 15, 17, 20, 26]--[12, 11]
[4, 6, 8, 19, 23, 26]--[10, 12]
[1, 13, 21, 25, 29, 30]--[6, 16]
[3, 4, 17, 29, 31, 33]--[16, 12]
[5, 13, 23, 24, 25, 27]--[10, 2]
[5, 7, 9, 15, 23, 32]--[2, 7]
[19, 20, 21, 25, 27, 30]--[2, 11]
[8, 11, 14, 18, 22, 27]--[14, 1]
[5, 6, 10, 12, 17, 23]--[14, 1]
[2, 10, 17, 23, 25, 29]--[12, 13]
[12, 20, 22, 26, 27, 28]--[12, 10]
[6, 13, 19, 26, 31, 33]--[16, 1]
[2, 3, 4, 13, 17, 22]--[13, 7]
[5, 12, 15, 20, 23, 29]--[5, 3]
[1, 2, 17, 21, 22, 32]--[1, 12]
[7, 13, 15, 17, 20, 32]--[6, 14]
[2, 6, 9, 18, 19, 22]--[12, 1]
[4, 13, 15, 20, 22, 28]--[5, 1]
[3, 5, 15, 27, 29, 30]--[13, 2]
[4, 8, 19, 21, 25, 26]--[15, 14]
[5, 15, 19, 22, 23, 27]--[14, 6]
[2, 5, 12, 14, 22, 26]--[5, 12]
[3, 5, 12, 21, 24, 33]--[14, 12]
[2, 8, 10, 15, 21, 22]--[15, 10]
[1, 2, 4, 14, 18, 29]--[1, 5]
[1, 4, 6, 13, 17, 32]--[7, 14]
[3, 6, 20, 27, 29, 30]--[11, 7]
[1, 3, 19, 22, 23, 30]--[6, 13]
[2, 3, 16, 18, 21, 22]--[1, 12]
[4, 10, 11, 13, 16, 22]--[1, 6]
[2, 10, 14, 20, 28, 30]--[2, 5]
[15, 19, 20, 22, 27, 32]--[14, 5]
[1, 7, 18, 20, 23, 28]--[16, 3]
[6, 14, 22, 30, 32, 33]--[7, 15]
[2, 5, 6, 9, 22, 27]--[14, 3]
[3, 12, 14, 16, 21, 32]--[16, 5]
[8, 15, 21, 24, 27, 29]--[14, 12]
[16, 17, 21, 29, 32, 33]--[3, 16]
[3, 5, 6, 8, 10, 15]--[1, 5]
[2, 3, 5, 15, 18, 20]--[2, 10]
[3, 4, 5, 14, 21, 26]--[1, 15]
[6, 10, 18, 20, 25, 29]--[14, 10]
[12, 15, 24, 25, 28, 32]--[3, 6]
[4, 7, 18, 22, 24, 26]--[16, 10]
[2, 5, 15, 18, 26, 30]--[12, 10]
[1, 12, 16, 21, 22, 24]--[7, 3]
[1, 3, 12, 14, 29, 30]--[2, 15]
[1, 14, 20, 21, 22, 23]--[14, 10]
[2, 4, 9, 12, 17, 24]--[1, 3]
[4, 6, 8, 24, 27, 32]--[2, 5]
[4, 6, 13, 22, 25, 32]--[12, 13]
[1, 2, 18, 24, 25, 33]--[1, 12]
[6, 7, 8, 20, 23, 28]--[13, 12]
[5, 10, 16, 22, 25, 32]--[12, 11]
[5, 10, 11, 14, 18, 21]--[10, 6]
[11, 14, 21, 28, 29, 32]--[7, 15]
[5, 6, 19, 21, 27, 32]--[10, 14]
[4, 7, 13, 16, 22, 23]--[1, 2]
[3, 16, 18, 23, 28, 33]--[6, 15]
[2, 7, 11, 16, 21, 29]--[2, 7]
[7, 8, 14, 25, 28, 29]--[1, 3]
[3, 7, 9, 17, 24, 28]--[11, 6]
[7, 10, 17, 22, 26, 29]--[10, 6]
[2, 16, 21, 22, 23, 30]--[7, 11]
[1, 5, 11, 19, 21, 28]--[3, 6]
[4, 10, 13, 17, 23, 24]--[13, 11]

